1 1 张三 1 20170214 20170214 1.50 399.00 POS消费 广工东二一楼018
1 1 张三 2 20170216 20170216 1.50 398.50 POS消费 广工西三二楼011
1 1 张三 3 20170217 20170217 3.00 397.00 POS消费 广工西三二楼012
1 1 张三 4 20170218 20170218 2.00 395.00 POS消费 广工西三二楼012
1 1 张三 5 20170219 20170219 3.00 392.00 POS消费 广工西三二楼012
1 1 张三 6 20170220 20170220 2.00 390.00 POS消费 广工西三二楼012
1 1 张三 7 20170221 20170221 4.00 386.00 POS消费 广工西三二楼012
1 1 张三 8 20170321 20170321 1.00 385.00 POS消费 广工西三二楼012
1 1 张三 9 20170322 20170321 1.00 385.00 POS消费 广工西三二楼012
1 1 张三 10 20170323 20170323 11.00 374.00 POS消费 广工西三二楼012
1 1 张三 11 20170324 20170324 4.00 370.00 POS消费 广工西三二楼012
1 1 张三 12 20170325 20170325 2.00 368.00 POS消费 广工西三二楼012
1 1 张三 13 20170326 20170326 6.00 362.00 POS消费 广工西三二楼012
1 1 张三 14 20170401 20170401 1.50 360.50 POS消费 广工西三二楼012
1 1 张三 15 20170406 20170406 0.50 360.00 POS消费 广工西三二楼012
1 1 张三 16 20170411 20170411 2.00 358.00 POS消费 广工西三二楼012
1 1 张三 17 20170412 20170412 6.00 352.00 POS消费 广工西三二楼012
1 1 张三 18 20170421 20170421 9.00 343.00 POS消费 广工西三二楼012
1 1 张三 19 20170426 20170426 3.00 340.00 POS消费 广工西三二楼012
1 1 张三 20 20170501 20170501 6.00 334.00 POS消费 广工西三二楼012
1 1 张三 21 20170506 20170506 14.00 320.00 POS消费 广工西三二楼012
1 1 张三 22 20170511 20170511 3.00 317.00 POS消费 广工西三二楼012
1 1 张三 23 20170516 20170516 2.00 315.00 POS消费 广工西三二楼012
1 1 张三 24 20170521 20170521 5.00 310.00 POS消费 广工西三二楼012
1 1 张三 25 20170601 20170601 6.00 304.00 POS消费 广工西三二楼012
1 1 张三 26 20170602 20170602 2.00 302.00 POS消费 广工西三二楼012
1 1 张三 27 20170608 20170608 0.50 301.50 POS消费 广工西三二楼012
1 1 张三 28 20170611 20170611 2.00 299.50 POS消费 广工西三二楼012
1 1 张三 29 20170621 20170621 3.00 296.50 POS消费 广工西三二楼012
1 1 张三 30 20170626 20170626 1.00 295.50 POS消费 广工西三二楼012
1 1 张三 31 20170701 20170701 1.50 294.00 POS消费 广工西三二楼012
1 1 张三 32 20170702 20170702 2.00 290.00 POS消费 广工西三二楼012
1 1 张三 33 20170711 20170711 1.50 288.50 POS消费 广工西三二楼012
1 1 张三 34 20170713 20170713 2.00 286.50 POS消费 广工西三二楼012
1 1 张三 35 20170721 20170721 6.50 280.00 POS消费 广工西三二楼012
1 1 张三 36 20170801 20170801 1.50 278.50 POS消费 广工西三二楼012
1 1 张三 37 20170806 20170806 3.50 275.00 POS消费 广工西三二楼012
1 1 张三 38 20170811 20170811 6.00 269.00 POS消费 广工西三二楼012
1 1 张三 39 20170816 20170816 3.00 266.00 POS消费 广工西三二楼012
1 1 张三 40 20170829 20170829 4.00 262.00 POS消费 广工西三二楼012
1 1 张三 41 20170901 20170901 2.00 260.00 POS消费 广工西三二楼012
1 1 张三 42 20170902 20170902 4.00 256.00 POS消费 广工西三二楼012
1 1 张三 43 20170905 20170905 11.00 245.00 POS消费 广工西三二楼012
1 1 张三 44 20170921 20170921 15.00 230.00 POS消费 广工西三二楼012
1 1 张三 45 20170930 20170930 6.00 224.00 POS消费 广工西三二楼012
1 1 张三 46 20171005 20171005 2.00 222.00 POS消费 广工西三二楼012
1 1 张三 47 20171009 20171009 6.00 216.00 POS消费 广工西三二楼012
1 1 张三 48 20171012 20171012 2.00 214.00 POS消费 广工西三二楼012
1 1 张三 49 20171016 20171016 0.50 213.50 POS消费 广工西三二楼012
1 1 张三 50 20171018 20171018 1.50 212.00 POS消费 广工西三二楼012
1 1 张三 51 20171019 20171019 2.00 210.00 POS消费 广工西三二楼012
1 1 张三 52 20171105 20171105 2.00 208.00 POS消费 广工西三二楼012
1 1 张三 47 20171109 20171109 6.00 202.00 POS消费 广工西三二楼012
1 1 张三 53 20171112 20171112 2.00 200.00 POS消费 广工西三二楼012
1 1 张三 54 20171116 20171116 0.50 199.50 POS消费 广工西三二楼012
1 1 张三 55 20171118 20171118 1.50 198.00 POS消费 广工西三二楼012
1 1 张三 56 20171201 20171201 2.00 196.00 POS消费 广工西三二楼012
1 1 张三 57 20171205 20171205 2.00 194.00 POS消费 广工西三二楼012
1 1 张三 58 20171209 20171209 6.00 188.00 POS消费 广工西三二楼012
1 1 张三 59 20171212 20171212 2.00 186.00 POS消费 广工西三二楼012
1 1 张三 60 20171216 20171216 0.50 185.50 POS消费 广工西三二楼012
1 1 张三 61 20180108 20181018 1.50 184.00 POS消费 广工西三二楼012
1 1 张三 62 20180109 20180109 2.00 182.00 POS消费 广工西三二楼012
1 1 张三 63 20180115 20180115 2.00 180.00 POS消费 广工西三二楼012
1 1 张三 64 20180119 20180119 6.00 174.00 POS消费 广工西三二楼012
1 1 张三 65 20180121 20180121 2.00 172.00 POS消费 广工西三二楼012
1 1 张三 66 20180201 20180201 0.50 171.50 POS消费 广工西三二楼012
1 1 张三 67 20180203 20180203 1.50 170.00 POS消费 广工西三二楼012
1 1 张三 68 20180206 20180206 2.00 168.00 POS消费 广工西三二楼012
1 1 张三 69 20180209 20180209 2.00 166.00 POS消费 广工西三二楼012
1 1 张三 70 20180215 20180215 6.00 160.00 POS消费 广工西三二楼012
1 1 张三 71 20180301 20180301 2.00 158.00 POS消费 广工西三二楼012
1 1 张三 72 20180302 20180302 0.50 157.50 POS消费 广工西三二楼012
1 1 张三 73 20180303 20180303 1.50 156.00 POS消费 广工西三二楼012
1 1 张三 74 20180304 20180304 2.00 154.00 POS消费 广工西三二楼012
1 1 张三 75 20180305 20180305 2.00 152.00 POS消费 广工西三二楼012
1 1 张三 76 20180307 20180307 2.00 150.00 POS消费 广工西四一楼002
2 2 李四 1 20170214 20170214 1.50 399.00 POS消费 广工东二一楼018
2 2 李四 2 20170216 20170216 1.50 398.50 POS消费 广工西三二楼011
2 2 李四 3 20170217 20170217 3.00 397.00 POS消费 广工西三二楼012
2 2 李四 4 20170218 20170218 2.00 395.00 POS消费 广工西三二楼012
2 2 李四 5 20170219 20170219 3.00 392.00 POS消费 广工西三二楼012
2 2 李四 6 20170220 20170220 2.00 390.00 POS消费 广工西三二楼012
2 2 李四 7 20170221 20170221 4.00 386.00 POS消费 广工西三二楼012
2 2 李四 8 20170321 20170321 1.00 385.00 POS消费 广工西三二楼012
2 2 李四 9 20170322 20170321 1.00 385.00 POS消费 广工西三二楼012
2 2 李四 10 20170323 20170323 11.00 374.00 POS消费 广工西三二楼012
2 2 李四 11 20170324 20170324 4.00 370.00 POS消费 广工西三二楼012
2 2 李四 12 20170325 20170325 2.00 368.00 POS消费 广工西三二楼012
2 2 李四 13 20170326 20170326 6.00 362.00 POS消费 广工西三二楼012
2 2 李四 14 20170401 20170401 1.50 360.50 POS消费 广工西三二楼012
2 2 李四 15 20170406 20170406 0.50 360.00 POS消费 广工西三二楼012
2 2 李四 16 20170411 20170411 2.00 358.00 POS消费 广工西三二楼012
2 2 李四 17 20170412 20170412 6.00 352.00 POS消费 广工西三二楼012
2 2 李四 18 20170421 20170421 9.00 343.00 POS消费 广工西三二楼012
2 2 李四 19 20170426 20170426 3.00 340.00 POS消费 广工西三二楼012
2 2 李四 20 20170501 20170501 6.00 334.00 POS消费 广工西三二楼012
2 2 李四 21 20170506 20170506 14.00 320.00 POS消费 广工西三二楼012
2 2 李四 22 20170511 20170511 3.00 317.00 POS消费 广工西三二楼012
2 2 李四 23 20170516 20170516 2.00 315.00 POS消费 广工西三二楼012
2 2 李四 24 20170521 20170521 5.00 310.00 POS消费 广工西三二楼012
2 2 李四 25 20170601 20170601 6.00 304.00 POS消费 广工西三二楼012
2 2 李四 26 20170602 20170602 2.00 302.00 POS消费 广工西三二楼012
2 2 李四 27 20170608 20170608 0.50 301.50 POS消费 广工西三二楼012
2 2 李四 28 20170611 20170611 2.00 299.50 POS消费 广工西三二楼012
2 2 李四 29 20170621 20170621 3.00 296.50 POS消费 广工西三二楼012
2 2 李四 30 20170626 20170626 1.00 295.50 POS消费 广工西三二楼012
2 2 李四 31 20170701 20170701 1.50 294.00 POS消费 广工西三二楼012
2 2 李四 33 20170711 20170711 1.50 288.50 POS消费 广工西三二楼012
2 2 李四 34 20170713 20170713 2.00 286.50 POS消费 广工西三二楼012
2 2 李四 35 20170721 20170721 6.50 280.00 POS消费 广工西三二楼012
2 2 李四 36 20170801 20170801 1.50 278.50 POS消费 广工西三二楼012
2 2 李四 37 20170806 20170806 3.50 275.00 POS消费 广工西三二楼012
2 2 李四 38 20170811 20170811 6.00 269.00 POS消费 广工西三二楼012
2 2 李四 39 20170816 20170816 3.00 266.00 POS消费 广工西三二楼012
2 2 李四 40 20170829 20170829 4.00 262.00 POS消费 广工西三二楼012
2 2 李四 41 20170901 20170901 2.00 260.00 POS消费 广工西三二楼012
2 2 李四 42 20170902 20170902 4.00 256.00 POS消费 广工西三二楼012
2 2 李四 43 20170905 20170905 11.00 245.00 POS消费 广工西三二楼012
2 2 李四 44 20170921 20170921 15.00 230.00 POS消费 广工西三二楼012
2 2 李四 45 20170930 20170930 6.00 224.00 POS消费 广工西三二楼012
2 2 李四 46 20171005 20171005 2.00 222.00 POS消费 广工西三二楼012
2 2 李四 47 20171009 20171009 6.00 216.00 POS消费 广工西三二楼012
2 2 李四 48 20171012 20171012 2.00 214.00 POS消费 广工西三二楼012
2 2 李四 49 20171016 20171016 0.50 213.50 POS消费 广工西三二楼012
2 2 李四 50 20171018 20171018 1.50 212.00 POS消费 广工西三二楼012
2 2 李四 51 20171019 20171019 2.00 210.00 POS消费 广工西三二楼012
2 2 李四 52 20171105 20171105 2.00 208.00 POS消费 广工西三二楼012
2 2 李四 47 20171109 20171109 6.00 202.00 POS消费 广工西三二楼012
2 2 李四 53 20171112 20171112 2.00 200.00 POS消费 广工西三二楼012
2 2 李四 54 20171116 20171116 0.50 199.50 POS消费 广工西三二楼012
2 2 李四 55 20171118 20171118 1.50 198.00 POS消费 广工西三二楼012
2 2 李四 56 20171201 20171201 2.00 196.00 POS消费 广工西三二楼012
2 2 李四 57 20171205 20171205 2.00 194.00 POS消费 广工西三二楼012
2 2 李四 58 20171209 20171209 6.00 188.00 POS消费 广工西三二楼012
2 2 李四 59 20171212 20171212 2.00 186.00 POS消费 广工西三二楼012
2 2 李四 60 20171216 20171216 0.50 185.50 POS消费 广工西三二楼012
2 2 李四 61 20180108 20181018 1.50 184.00 POS消费 广工西三二楼012
2 2 李四 62 20180109 20180109 2.00 182.00 POS消费 广工西三二楼012
2 2 李四 63 20180115 20180115 2.00 180.00 POS消费 广工西三二楼012
2 2 李四 64 20180119 20180119 6.00 174.00 POS消费 广工西三二楼012
2 2 李四 65 20180121 20180121 2.00 172.00 POS消费 广工西三二楼012
2 2 李四 66 20180201 20180201 0.50 171.50 POS消费 广工西三二楼012
2 2 李四 67 20180203 20180203 1.50 170.00 POS消费 广工西三二楼012
2 2 李四 68 20180206 20180206 2.00 168.00 POS消费 广工西三二楼012
2 2 李四 69 20180209 20180209 2.00 166.00 POS消费 广工西三二楼012
2 2 李四 70 20180215 20180215 6.00 160.00 POS消费 广工西三二楼012
2 2 李四 71 20180301 20180301 2.00 158.00 POS消费 广工西三二楼012
2 2 李四 72 20180302 20180302 0.50 157.50 POS消费 广工西三二楼012
2 2 李四 73 20180303 20180303 1.50 156.00 POS消费 广工西三二楼012
2 2 李四 74 20180304 20180304 2.00 154.00 POS消费 广工西三二楼012
2 2 李四 75 20180305 20180305 2.00 152.00 POS消费 广工西三二楼012
3 3 成龙 1 20170214 20170214 1.50 399.00 POS消费 广工东二一楼018
3 3 成龙 2 20170216 20170216 1.50 398.50 POS消费 广工西三二楼011
3 3 成龙 3 20170217 20170217 3.00 397.00 POS消费 广工西三二楼012
3 3 成龙 4 20170218 20170218 2.00 395.00 POS消费 广工西三二楼012
3 3 成龙 5 20170219 20170219 3.00 392.00 POS消费 广工西三二楼012
3 3 成龙 6 20170220 20170220 2.00 390.00 POS消费 广工西三二楼012
3 3 成龙 7 20170221 20170221 4.00 386.00 POS消费 广工西三二楼012
3 3 成龙 8 20170321 20170321 1.00 385.00 POS消费 广工西三二楼012
3 3 成龙 9 20170322 20170321 1.00 385.00 POS消费 广工西三二楼012
3 3 成龙 10 20170323 20170323 11.00 374.00 POS消费 广工西三二楼012
3 3 成龙 11 20170324 20170324 4.00 370.00 POS消费 广工西三二楼012
3 3 成龙 12 20170325 20170325 2.00 368.00 POS消费 广工西三二楼012
3 3 成龙 13 20170326 20170326 6.00 362.00 POS消费 广工西三二楼012
3 3 成龙 14 20170401 20170401 1.50 360.50 POS消费 广工西三二楼012
3 3 成龙 15 20170406 20170406 0.50 360.00 POS消费 广工西三二楼012
3 3 成龙 16 20170411 20170411 2.00 358.00 POS消费 广工西三二楼012
3 3 成龙 17 20170412 20170412 6.00 352.00 POS消费 广工西三二楼012
3 3 成龙 18 20170421 20170421 9.00 343.00 POS消费 广工西三二楼012
3 3 成龙 19 20170426 20170426 3.00 340.00 POS消费 广工西三二楼012
3 3 成龙 20 20170501 20170501 6.00 334.00 POS消费 广工西三二楼012
3 3 成龙 21 20170506 20170506 14.00 320.00 POS消费 广工西三二楼012
3 3 成龙 22 20170511 20170511 3.00 317.00 POS消费 广工西三二楼012
3 3 成龙 23 20170516 20170516 2.00 315.00 POS消费 广工西三二楼012
3 3 成龙 24 20170521 20170521 5.00 310.00 POS消费 广工西三二楼012
3 3 成龙 25 20170601 20170601 6.00 304.00 POS消费 广工西三二楼012
3 3 成龙 26 20170602 20170602 2.00 302.00 POS消费 广工西三二楼012
3 3 成龙 27 20170608 20170608 0.50 301.50 POS消费 广工西三二楼012
3 3 成龙 28 20170611 20170611 2.00 299.50 POS消费 广工西三二楼012
3 3 成龙 29 20170621 20170621 3.00 296.50 POS消费 广工西三二楼012
3 3 成龙 30 20170626 20170626 1.00 295.50 POS消费 广工西三二楼012
3 3 成龙 31 20170701 20170701 1.50 294.00 POS消费 广工西三二楼012
3 3 成龙 33 20170711 20170711 1.50 288.50 POS消费 广工西三二楼012
3 3 成龙 34 20170713 20170713 2.00 286.50 POS消费 广工西三二楼012
3 3 成龙 35 20170721 20170721 6.50 280.00 POS消费 广工西三二楼012
3 3 成龙 36 20170801 20170801 1.50 278.50 POS消费 广工西三二楼012
3 3 成龙 37 20170806 20170806 3.50 275.00 POS消费 广工西三二楼012
3 3 成龙 38 20170811 20170811 6.00 269.00 POS消费 广工西三二楼012
3 3 成龙 39 20170816 20170816 3.00 266.00 POS消费 广工西三二楼012
3 3 成龙 40 20170829 20170829 4.00 262.00 POS消费 广工西三二楼012
3 3 成龙 41 20170901 20170901 2.00 260.00 POS消费 广工西三二楼012
3 3 成龙 42 20170902 20170902 4.00 256.00 POS消费 广工西三二楼012
3 3 成龙 43 20170905 20170905 11.00 245.00 POS消费 广工西三二楼012
3 3 成龙 44 20170921 20170921 15.00 230.00 POS消费 广工西三二楼012
3 3 成龙 45 20170930 20170930 6.00 224.00 POS消费 广工西三二楼012
3 3 成龙 46 20171005 20171005 2.00 222.00 POS消费 广工西三二楼012
3 3 成龙 47 20171009 20171009 6.00 216.00 POS消费 广工西三二楼012
3 3 成龙 48 20171012 20171012 2.00 214.00 POS消费 广工西三二楼012
3 3 成龙 49 20171016 20171016 0.50 213.50 POS消费 广工西三二楼012
3 3 成龙 50 20171018 20171018 1.50 212.00 POS消费 广工西三二楼012
3 3 成龙 51 20171019 20171019 2.00 210.00 POS消费 广工西三二楼012
3 3 成龙 52 20171105 20171105 2.00 208.00 POS消费 广工西三二楼012
3 3 成龙 47 20171109 20171109 6.00 202.00 POS消费 广工西三二楼012
3 3 成龙 53 20171112 20171112 2.00 200.00 POS消费 广工西三二楼012
3 3 成龙 54 20171116 20171116 0.50 199.50 POS消费 广工西三二楼012
3 3 成龙 55 20171118 20171118 1.50 198.00 POS消费 广工西三二楼012
3 3 成龙 56 20171201 20171201 2.00 196.00 POS消费 广工西三二楼012
3 3 成龙 57 20171205 20171205 2.00 194.00 POS消费 广工西三二楼012
3 3 成龙 58 20171209 20171209 6.00 188.00 POS消费 广工西三二楼012
3 3 成龙 59 20171212 20171212 2.00 186.00 POS消费 广工西三二楼012
3 3 成龙 60 20171216 20171216 0.50 185.50 POS消费 广工西三二楼012
3 3 成龙 61 20180108 20181018 1.50 184.00 POS消费 广工西三二楼012
3 3 成龙 62 20180109 20180109 2.00 182.00 POS消费 广工西三二楼012
3 3 成龙 63 20180115 20180115 2.00 180.00 POS消费 广工西三二楼012
3 3 成龙 64 20180119 20180119 6.00 174.00 POS消费 广工西三二楼012
3 3 成龙 65 20180121 20180121 2.00 172.00 POS消费 广工西三二楼012
3 3 成龙 66 20180201 20180201 0.50 171.50 POS消费 广工西三二楼012
3 3 成龙 67 20180203 20180203 1.50 170.00 POS消费 广工西三二楼012
3 3 成龙 68 20180206 20180206 2.00 168.00 POS消费 广工西三二楼012
3 3 成龙 69 20180209 20180209 2.00 166.00 POS消费 广工西三二楼012
3 3 成龙 70 20180215 20180215 6.00 160.00 POS消费 广工西三二楼012
3 3 成龙 71 20180301 20180301 2.00 158.00 POS消费 广工西三二楼012
3 3 成龙 72 20180302 20180302 0.50 157.50 POS消费 广工西三二楼012
3 3 成龙 73 20180303 20180303 1.50 156.00 POS消费 广工西三二楼012
3 3 成龙 74 20180304 20180304 2.00 154.00 POS消费 广工西三二楼012
3 3 成龙 75 20180305 20180305 2.00 152.00 POS消费 广工西三二楼012
4 4 张学友 1 20170901 20170901 6.00 106.00 POS消费 广工西四二楼008
4 4 张学友 2 20170902 20170902 3.00 97.00 POS消费 广工东一二楼006
-1