1 1 张三 76 20180203 20180203 1.50 170.00 POS消费 广工西三二楼012
1 1 张三 78 20180206 20180206 2.00 168.00 POS消费 广工西三二楼012
1 1 张三 79 20180209 20180209 2.00 166.00 POS消费 广工西三二楼012
1 1 张三 80 20180215 20180215 6.00 160.00 POS消费 广工西三二楼012
1 1 张三 81 20180301 20180301 2.00 158.00 POS消费 广工西三二楼012
1 1 张三 82 20180302 20180302 0.50 157.50 POS消费 广工西三二楼012
1 1 张三 83 20180303 20180303 1.50 156.00 POS消费 广工西三二楼012
1 1 张三 84 20180304 20180304 2.00 154.00 POS消费 广工西三二楼012
1 1 张三 85 20180305 20180305 2.00 152.00 POS消费 广工西三二楼012
2 2 李四 77 20180203 20180203 1.50 170.00 POS消费 广工西三二楼012
2 2 李四 78 20180206 20180206 2.00 168.00 POS消费 广工西三二楼012
2 2 李四 79 20180209 20180209 2.00 166.00 POS消费 广工西三二楼012
2 2 李四 80 20180215 20180215 6.00 160.00 POS消费 广工西三二楼012
2 2 李四 81 20180301 20180301 2.00 158.00 POS消费 广工西三二楼012
2 2 李四 82 20180302 20180302 0.50 157.50 POS消费 广工西三二楼012
2 2 李四 83 20180303 20180303 1.50 156.00 POS消费 广工西三二楼012
2 2 李四 84 20180304 20180304 2.00 154.00 POS消费 广工西三二楼012
2 2 李四 85 20180305 20180305 2.00 152.00 POS消费 广工西三二楼012
3 3 成龙 83 20180115 20180115 2.00 180.00 POS消费 广工西三二楼012
3 3 成龙 84 20180119 20180119 6.00 174.00 POS消费 广工西三二楼012
3 3 成龙 85 20180121 20180121 2.00 172.00 POS消费 广工西三二楼012
3 3 成龙 86 20180201 20180201 0.50 171.50 POS消费 广工西三二楼012
3 3 成龙 87 20180203 20180203 1.50 170.00 POS消费 广工西三二楼012
3 3 成龙 88 20180206 20180206 2.00 168.00 POS消费 广工西三二楼012
3 3 成龙 89 20180209 20180209 2.00 166.00 POS消费 广工西三二楼012
3 3 成龙 90 20180215 20180215 6.00 160.00 POS消费 广工西三二楼012
3 3 成龙 91 20180301 20180301 2.00 158.00 POS消费 广工西三二楼012
3 3 成龙 92 20180302 20180302 0.50 157.50 POS消费 广工西三二楼012
3 3 成龙 93 20180303 20180303 1.50 156.00 POS消费 广工西三二楼012
3 3 成龙 94 20180304 20180304 2.00 154.00 POS消费 广工西三二楼012
3 3 成龙 95 20180305 20180305 2.00 152.00 POS消费 广工西三二楼012
-1